2588.087 3 
244.951 943.0
269.954 6539.0
280.043 1191.0
309.198 1565.0
327.278 2686.0
329.548 3273.0
332.208 2866.0
375.415 1564.0
376.222 3366.0
390.364 1047.0
397.396 802.0
418.449 8782.0
425.170 1699.0
427.449 3057.0
430.146 2260.0
436.187 1354.0
440.213 2802.0
444.262 1450.0
446.156 15561.0
447.237 8630.0
448.017 1826.0
449.955 1362.0
453.477 2807.0
456.251 1919.0
457.193 497.0
459.430 1825.0
462.286 2836.0
463.530 677.0
466.467 1343.0
472.217 1413.0
486.619 834.0
489.610 1713.0
499.114 923.0
508.215 2169.0
510.344 897.0
515.506 3793.0
525.888 846.0
528.412 1942.0
529.024 1051.0
535.541 2258.0
543.186 1058.0
544.204 6782.0
545.391 3250.0
546.000 1.0
573.415 1646.0
577.981 2161.0
586.035 1111.0
587.534 2018.0
592.053 1990.0
602.573 3080.0
608.089 3701.0
616.924 778.0
619.903 3872.0
626.417 2046.0
629.168 3205.0
636.098 2482.0
639.654 2051.0
642.491 6747.0
643.333 2.0
648.460 1795.0
655.845 1192.0
658.307 7398.0
661.143 1765.0
673.264 1122.0
6